I: 32 100 10000000
P: 6 1.65626651 3.14174477
P: 8 1.65632399 3.14165824
P: 16 1.65628001 3.14082611
P: 18 1.65638420 3.14165939
P: 22 1.65646755 3.14195750
P: 24 1.65638010 3.14138598
F: 3.14160730
P: 0 1.65635259 3.14139738
P: 2 1.65640602 3.14234944
P: 20 1.65633260 3.14147994
P: 1 1.65680714 3.14141709
P: 3 1.65666665 3.14163712
P: 4 1.65661318 3.14157094
P: 5 1.65661388 3.14196864
P: 7 1.65682020 3.14207501
P: 9 1.65779624 3.14154982
P: 10 1.64407503 3.14148762
P: 11 1.65719600 3.14153830
P: 12 1.65724258 3.14098189
P: 13 1.65735888 3.14156966
P: 14 1.65705671 3.14206387
P: 15 1.65716126 3.14120576
P: 17 1.65675574 3.14192307
P: 19 1.65681855 3.14136243
P: 21 1.65669091 3.14225011
P: 23 1.65683208 3.14150938
P: 26 1.65666446 3.14165670
P: 30 1.65667249 3.14145011
P: 27 1.65667294 3.14159104
P: 28 1.65691670 3.14144717
P: 29 1.65690401 3.14184320
P: 31 1.65674127 3.14139622
P: 25 1.65724442 3.14147981
