I: 64 100 10000000
P: 2 0.75329222 3.14252339
P: 4 0.75319741 3.14123008
P: 6 0.75325759 3.14176512
P: 8 0.75331719 3.14236493
P: 10 0.75317432 3.14257075
P: 16 0.75330826 3.14089882
P: 18 0.75324037 3.14192563
P: 20 0.75320868 3.14173875
P: 22 0.75321839 3.14129869
P: 24 0.75319411 3.14145587
F: 3.14160884
P: 0 0.75320675 3.14134989
P: 12 0.75330421 3.14124237
P: 14 0.75332736 3.14151040
P: 1 0.75343962 3.14125773
P: 3 0.75336120 3.14242893
P: 5 0.75332653 3.14166707
P: 7 0.75335850 3.14150835
P: 9 0.75335223 3.14114150
P: 11 0.75338161 3.14144256
P: 13 0.75341179 3.14148838
P: 15 0.75338437 3.14144230
P: 17 0.75351261 3.14120115
P: 19 0.75322189 3.14140442
P: 21 0.75326711 3.14130406
P: 23 0.75348150 3.14132250
P: 36 0.75296674 3.14107085
P: 54 0.75289569 3.14132352
P: 38 0.75289198 3.14175744
P: 56 0.75290284 3.14151757
P: 40 0.75296501 3.14193075
P: 58 0.75295731 3.14091930
P: 42 0.75309636 3.14148531
P: 60 0.75298982 3.14174976
P: 50 0.75309032 3.14203802
P: 62 0.75304797 3.14185677
P: 26 0.75311240 3.14173107
P: 52 0.75293438 3.14097024
P: 28 0.75309706 3.14115123
P: 55 0.75311793 3.14127130
P: 30 0.75304274 3.14166272
P: 51 0.75303101 3.14216627
P: 32 0.75292335 3.14129792
P: 53 0.75315175 3.14196685
P: 34 0.75304705 3.14063514
P: 57 0.75316409 3.14161254
P: 44 0.75314407 3.14226714
P: 59 0.75317097 3.14188749
P: 46 0.75306690 3.14224922
P: 63 0.75318165 3.14162074
P: 48 0.75302792 3.14167091
P: 61 0.75322758 3.14154061
P: 25 0.75316624 3.14232883
P: 27 0.75319291 3.14180890
P: 29 0.75326521 3.14119066
P: 31 0.75336977 3.14177997
P: 33 0.75335384 3.14147712
P: 35 0.75332175 3.14167910
P: 37 0.75322085 3.14263347
P: 39 0.75328040 3.14182656
P: 43 0.75329884 3.14159693
P: 45 0.75332160 3.14181530
P: 47 0.75319577 3.14065894
P: 49 0.75334321 3.14179840
P: 41 0.75400029 3.14153754
