I: 32 100 10
P: 8 0.01291678 0.00000000
P: 16 0.01293455 0.00000000
P: 24 0.01303792 0.00000000
F: 0.00000000
P: 0 0.01295001 0.00000000
P: 1 0.01415224 0.00000000
P: 2 0.01418038 0.00000000
P: 4 0.01413422 0.00000000
P: 6 0.01419967 0.00000000
P: 7 0.01421381 0.00000000
P: 9 0.01425837 0.00000000
P: 10 0.01424916 0.00000000
P: 12 0.01421592 0.00000000
P: 14 0.01430094 0.00000000
P: 15 0.01429180 0.00000000
P: 17 0.01416084 0.00000000
P: 18 0.01407504 0.00000000
P: 20 0.01410579 0.00000000
P: 22 0.01426678 0.00000000
P: 23 0.01409672 0.00000000
P: 3 0.01444747 0.00000000
P: 5 0.01470854 0.00000000
P: 11 0.01454893 0.00000000
P: 13 0.01471060 0.00000000
P: 19 0.01449102 0.00000000
P: 21 0.01459399 0.00000000
P: 25 0.01387658 0.00000000
P: 26 0.01376268 0.00000000
P: 28 0.01373369 0.00000000
P: 31 0.01398417 0.00000000
P: 30 0.01397471 0.00000000
P: 27 0.01414703 0.00000000
P: 29 0.01425362 0.00000000
