I: 32 100 10000
P: 8 0.01454277 3.14243590
P: 16 0.01453633 3.14641026
P: 24 0.01462477 3.13987179
F: 3.14155849
P: 0 0.01452819 3.14115385
P: 17 0.01569211 3.14846154
P: 1 0.01576570 3.12935897
P: 2 0.01558657 3.13525641
P: 4 0.01568262 3.13756410
P: 5 0.01585172 3.16166667
P: 6 0.01578537 3.15461538
P: 7 0.01592974 3.14051282
P: 9 0.01573570 3.13833333
P: 10 0.01572332 3.14551282
P: 12 0.01556369 3.12897436
P: 13 0.01588504 3.14000000
P: 14 0.01576616 3.14743590
P: 15 0.01589700 3.13320513
P: 18 0.01571401 3.16333333
P: 20 0.01576701 3.12371795
P: 21 0.01582364 3.12653846
P: 22 0.00920147 3.14794872
P: 23 0.01587019 3.14576923
P: 25 0.01522441 3.14820513
P: 3 0.01619176 3.14102564
P: 11 0.01621895 3.15358974
P: 19 0.01623394 3.15679487
P: 26 0.01542240 3.12756410
P: 28 0.01547515 3.12756410
P: 30 0.01550641 3.14076923
P: 31 0.01561076 3.13346154
P: 29 0.01561465 3.13230769
P: 27 0.01573800 3.15051282
