I: 64 100 10
F: 0.00000000
P: 0 0.01126650 0.00000000
P: 16 0.01181254 0.00000000
P: 17 0.01187725 0.00000000
P: 32 0.01097788 0.00000000
P: 48 0.01153750 0.00000000
P: 3 0.01260268 0.00000000
P: 7 0.01262640 0.00000000
P: 8 0.01204772 0.00000000
P: 11 0.01261157 0.00000000
P: 15 0.01270501 0.00000000
P: 18 0.01275629 0.00000000
P: 19 0.01247154 0.00000000
P: 21 0.01239347 0.00000000
P: 23 0.01247477 0.00000000
P: 24 0.01227181 0.00000000
P: 56 0.01200970 0.00000000
P: 49 0.01155225 0.00000000
P: 1 0.01294496 0.00000000
P: 2 0.01315010 0.00000000
P: 4 0.01321912 0.00000000
P: 5 0.01288266 0.00000000
P: 6 0.01268421 0.00000000
P: 9 0.01362928 0.00000000
P: 10 0.01272463 0.00000000
P: 12 0.01309379 0.00000000
P: 13 0.01272410 0.00000000
P: 14 0.01378739 0.00000000
P: 20 0.01283804 0.00000000
P: 22 0.00899768 0.00000000
P: 53 0.01198404 0.00000000
P: 40 0.01176422 0.00000000
P: 55 0.01223765 0.00000000
P: 39 0.01223552 0.00000000
P: 51 0.01222930 0.00000000
P: 35 0.01229246 0.00000000
P: 61 0.01228281 0.00000000
P: 43 0.01246954 0.00000000
P: 63 0.01232817 0.00000000
P: 50 0.01240700 0.00000000
P: 54 0.01220991 0.00000000
P: 26 0.01248381 0.00000000
P: 58 0.01234422 0.00000000
P: 29 0.01242265 0.00000000
P: 59 0.01278772 0.00000000
P: 31 0.01250115 0.00000000
P: 60 0.01270497 0.00000000
P: 38 0.01244824 0.00000000
P: 52 0.01276270 0.00000000
P: 42 0.01244587 0.00000000
P: 62 0.01337370 0.00000000
P: 47 0.01257225 0.00000000
P: 57 0.01344648 0.00000000
P: 45 0.01267218 0.00000000
P: 33 0.01278493 0.00000000
P: 37 0.01281950 0.00000000
P: 44 0.01275233 0.00000000
P: 27 0.01274483 0.00000000
P: 28 0.01290558 0.00000000
P: 34 0.01287853 0.00000000
P: 36 0.01284440 0.00000000
P: 46 0.01348396 0.00000000
P: 25 0.01343185 0.00000000
P: 30 0.01354045 0.00000000
P: 41 0.01350615 0.00000000
