I: 64 100 10000
F: 3.14262420
P: 0 0.01640416 3.12076923
P: 1 0.01695533 3.14179487
P: 16 0.01707411 3.14923077
P: 17 0.01689103 3.13435897
P: 18 0.01699028 3.14794872
P: 32 0.01623736 3.14230769
P: 2 0.01796065 3.14538462
P: 3 0.01762194 3.15076923
P: 4 0.01748474 3.13153846
P: 5 0.01741949 3.16384615
P: 6 0.01730905 3.13333333
P: 7 0.01321920 3.12948718
P: 8 0.01733499 3.13615385
P: 9 0.01752695 3.16641026
P: 10 0.01757256 3.13692308
P: 11 0.01752061 3.16384615
P: 12 0.01750846 3.16435897
P: 13 0.01712521 3.14897436
P: 14 0.01788362 3.13179487
P: 15 0.01807402 3.14153846
P: 19 0.01799770 3.13282051
P: 20 0.01760275 3.11974359
P: 21 0.01762015 3.13205128
P: 22 0.01755211 3.14076923
P: 23 0.01780925 3.12589744
P: 24 0.01752406 3.14615385
P: 49 0.01673737 3.14461538
P: 54 0.01330478 3.14897436
P: 50 0.01675465 3.16512821
P: 56 0.01734823 3.13717949
P: 33 0.01677433 3.12923077
P: 60 0.01721430 3.13769231
P: 48 0.01670710 3.14717949
P: 52 0.01726722 3.14153846
P: 45 0.01693848 3.12769231
P: 53 0.01724650 3.12769231
P: 38 0.01709088 3.13666667
P: 57 0.01728861 3.13846154
P: 40 0.01706917 3.13230769
P: 58 0.01735589 3.14153846
P: 39 0.01713463 3.13641026
P: 61 0.01739118 3.13589744
P: 37 0.01720994 3.13358974
P: 62 0.01763939 3.15384615
P: 44 0.01725017 3.14128205
P: 51 0.01764045 3.14025641
P: 28 0.01729714 3.15743590
P: 55 0.01767815 3.14051282
P: 36 0.01729511 3.14743590
P: 59 0.01785407 3.15205128
P: 43 0.01726014 3.15102564
P: 63 0.01778007 3.15743590
P: 41 0.01726223 3.14205128
P: 42 0.01734716 3.14769231
P: 25 0.01733232 3.13717949
P: 29 0.01739409 3.13256410
P: 35 0.01200068 3.16205128
P: 26 0.01745382 3.15000000
P: 46 0.01767849 3.13076923
P: 30 0.01772366 3.15153846
P: 27 0.01774421 3.15692308
P: 34 0.01774351 3.13410256
P: 47 0.01774715 3.14846154
P: 31 0.01784788 3.15333333
