I: 32 10000000 100
P: 25 0.79828125 3.14058027
P: 15 0.80069804 3.14149613
P: 9 0.80294633 3.14118520
P: 19 0.80332441 3.14110933
P: 21 0.80315769 3.14140480
P: 29 0.80311685 3.14160160
P: 13 0.80354893 3.14147413
P: 5 0.80402733 3.14116520
P: 7 0.80380915 3.14201347
P: 17 0.80386436 3.14155867
P: 23 0.80401054 3.14183893
P: 27 0.80403284 3.14124227
P: 11 0.80362491 3.14157467
P: 31 0.80476282 3.14142147
P: 26 0.88294730 3.14172853
P: 6 0.88718866 3.14144133
P: 18 0.88751147 3.14144653
P: 10 0.88773463 3.14152973
P: 4 0.88953273 3.14129147
P: 20 0.89014928 3.14124773
P: 22 0.89018949 3.14175800
P: 14 0.89195710 3.14209827
P: 28 0.89272947 3.14140093
P: 30 0.89263566 3.14167480
P: 16 0.89278519 3.14139880
P: 24 0.89266365 3.14163333
P: 8 0.89354129 3.14224853
P: 12 0.89342304 3.14203440
P: 1 1.07077931 3.14169580
P: 3 1.07314762 3.14153940
P: 2 1.18309002 3.14175910
F: 3.14156233
P: 0 1.18317315 3.14240160
