P: 3 0.00004036 3.50000000
P: 4 0.00009871 3.06666667
P: 5 0.00002984 3.20000000
P: 6 0.00007486 2.80000000
P: 7 0.00004016 2.80000000
P: 9 0.00003058 2.26666667
P: 10 0.00010231 3.20000000
P: 11 0.00005169 3.33333333
P: 13 0.00003050 3.06666667
P: 15 0.00002728 2.66666667
P: 16 0.00026755 3.20000000
P: 17 0.00005310 2.93333333
P: 18 0.00006948 3.06666667
P: 19 0.00003260 3.33333333
P: 20 0.00020949 3.20000000
P: 21 0.00005310 3.06666667
P: 22 0.00022917 3.06666667
P: 23 0.00003957 3.20000000
P: 24 0.00017920 2.66666667
P: 25 0.00004763 2.93333333
P: 26 0.00009089 3.46666667
P: 27 0.00003916 2.93333333
P: 28 0.00013325 3.06666667
P: 29 0.00002651 2.93333333
P: 30 0.00009217 3.46666667
P: 31 0.00003923 3.46666667
I: 32 10 100
F: 3.04687500
P: 0 0.00020912 3.00000000
P: 1 0.00004529 3.10000000
P: 2 0.00006582 3.10000000
P: 8 0.00032390 3.06666667
P: 12 0.00023665 2.80000000
P: 14 0.00020932 2.53333333
