I: 64 10000000 100
P: 59 0.26764293 3.14151520
P: 37 0.26902745 3.14138640
P: 45 0.26902956 3.14185480
P: 47 0.26904005 3.14233480
P: 51 0.26913384 3.14149000
P: 53 0.26935271 3.14143000
P: 57 0.26933593 3.14133840
P: 63 0.26929735 3.14143680
P: 39 0.27488674 3.14234800
P: 55 0.28071103 3.14155000
P: 41 0.28641882 3.14198960
P: 49 0.28775956 3.14036960
P: 61 0.28868307 3.14175760
P: 54 0.30028663 3.14075200
P: 62 0.30037366 3.14209920
P: 38 0.30038026 3.14103440
P: 52 0.30036745 3.14196760
P: 60 0.30037816 3.14263120
P: 46 0.30259085 3.14005320
P: 44 0.30251954 3.14094320
P: 50 0.30300174 3.14156480
P: 36 0.31231705 3.14126840
P: 42 0.34007115 3.14129520
P: 43 0.34000759 3.14196680
P: 40 0.34001911 3.14118800
P: 58 0.36328997 3.14197000
P: 48 0.36336304 3.14121840
P: 56 0.36347064 3.14076160
P: 27 0.53602754 3.14109120
P: 21 0.53694456 3.14133340
P: 19 0.53730785 3.14090120
P: 33 0.53711985 3.14119380
P: 1 0.53728261 3.14128800
P: 5 0.53735530 3.14096860
P: 7 0.53723082 3.14198280
P: 25 0.53732852 3.14073560
P: 3 0.53713448 3.14178700
P: 9 0.53793202 3.14112480
P: 11 0.53773791 3.14174960
P: 13 0.53790980 3.14161740
P: 15 0.53755560 3.14123460
P: 17 0.53763069 3.14190560
P: 23 0.53778498 3.14184800
P: 35 0.53730593 3.14125980
P: 29 0.54983418 3.14152480
P: 31 0.55825555 3.14129100
P: 18 0.59121295 3.14158860
P: 6 0.59168261 3.14145480
P: 10 0.59144596 3.14164920
P: 14 0.59163397 3.14199980
P: 4 0.59166762 3.14160340
P: 8 0.59242764 3.14192040
P: 12 0.59242637 3.14201820
P: 28 0.59277765 3.14157000
P: 30 0.59266459 3.14164980
P: 26 0.59358363 3.14158800
P: 24 0.59365835 3.14133920
P: 20 0.61181920 3.14126120
P: 22 0.61188757 3.14194640
P: 16 0.61188415 3.14147340
P: 2 0.71318696 3.14100340
P: 34 0.73358685 3.14189980
P: 32 0.73407747 3.14211580
F: 3.14151475
P: 0 0.73414849 3.14251000
