I: 64 10000 100
P: 1 0.00093840 3.13460000
P: 2 0.00103006 3.17660000
P: 3 0.00100563 3.13540000
P: 4 0.00117116 3.15500000
P: 5 0.00103702 3.14980000
P: 6 0.00115601 3.16140000
P: 7 0.00103521 3.15100000
P: 8 0.00109029 3.13680000
P: 9 0.00096141 3.13580000
P: 10 0.00113463 3.12920000
P: 11 0.00101402 3.16760000
P: 12 0.00113142 3.15340000
P: 13 0.00098561 3.14320000
P: 14 0.00108337 3.11900000
P: 15 0.00075117 3.11760000
P: 17 0.00104709 3.15040000
P: 18 0.00151803 3.14180000
P: 19 0.00101837 3.12540000
P: 21 0.00104241 3.14200000
P: 23 0.00103631 3.16160000
P: 25 0.00100602 3.14800000
P: 26 0.00125141 3.15720000
P: 27 0.00127542 3.15120000
P: 30 0.00114562 3.12880000
P: 31 0.00103508 3.15120000
P: 33 0.00155918 3.15000000
P: 34 0.00111896 3.14300000
P: 35 0.00105317 3.13600000
P: 36 0.00117328 3.11640000
P: 37 0.00100854 3.15520000
P: 38 0.00115271 3.14080000
P: 39 0.00092161 3.16040000
P: 40 0.00125194 3.09880000
P: 41 0.00098386 3.13920000
P: 42 0.00107630 3.15080000
P: 43 0.00104493 3.14920000
P: 44 0.00117117 3.14520000
P: 45 0.00088713 3.15600000
P: 46 0.00103723 3.15360000
P: 47 0.00091290 3.13160000
P: 48 0.00145899 3.15680000
P: 49 0.00134836 3.14600000
P: 50 0.00114216 3.17720000
P: 51 0.00105799 3.12720000
P: 52 0.00122106 3.13760000
P: 53 0.00114701 3.13040000
P: 54 0.00105093 3.11760000
P: 55 0.00098509 3.18160000
P: 56 0.00145473 3.17160000
P: 57 0.00101287 3.14960000
P: 58 0.00106309 3.12160000
P: 59 0.00080080 3.16160000
P: 60 0.00140478 3.13720000
P: 61 0.00120998 3.12720000
P: 62 0.00102187 3.16000000
P: 63 0.00101506 3.11360000
P: 16 0.00181368 3.13520000
P: 20 0.00182673 3.12800000
P: 22 0.00173162 3.15420000
P: 24 0.00159096 3.14240000
P: 28 0.00158202 3.15040000
P: 29 0.00156238 3.13960000
F: 3.14387187
P: 0 0.00313673 3.13780000
P: 32 0.00309036 3.15320000
