I: 64 10 100
P: 1 0.00023670 3.00000000
P: 2 0.00047250 3.20000000
P: 3 0.00036343 3.40000000
P: 4 0.00051759 2.80000000
P: 5 0.00014690 3.20000000
P: 6 0.00055282 2.40000000
P: 7 0.00012058 2.60000000
P: 8 0.00056494 2.80000000
P: 9 0.00015398 2.20000000
P: 10 0.00054726 3.60000000
P: 11 0.00027230 3.00000000
P: 12 0.00054050 2.80000000
P: 13 0.00027071 3.40000000
P: 14 0.00056130 3.00000000
P: 15 0.00035460 2.80000000
P: 18 0.00054949 3.20000000
P: 19 0.00013334 3.60000000
P: 21 0.00035800 3.20000000
P: 24 0.00066080 2.40000000
P: 25 0.00035224 3.20000000
P: 26 0.00040719 3.60000000
P: 27 0.00017186 2.80000000
P: 28 0.00060072 3.20000000
P: 29 0.00017559 3.00000000
P: 30 0.00043263 3.40000000
P: 31 0.00028271 3.80000000
P: 33 0.00035559 3.60000000
P: 34 0.00055176 2.80000000
P: 35 0.00009571 3.60000000
P: 36 0.00063306 4.00000000
P: 37 0.00016224 4.00000000
P: 38 0.00052222 2.80000000
P: 39 0.00037984 3.20000000
P: 41 0.00007621 3.60000000
P: 43 0.00017598 2.80000000
P: 44 0.00060161 3.60000000
P: 45 0.00015804 2.00000000
P: 46 0.00058259 2.80000000
P: 47 0.00027868 2.80000000
P: 48 0.00053264 2.40000000
P: 49 0.00035754 2.40000000
P: 50 0.00052215 2.40000000
P: 51 0.00028152 2.40000000
P: 52 0.00072313 2.40000000
P: 53 0.00037797 2.80000000
P: 54 0.00070849 2.80000000
P: 55 0.00016722 2.80000000
P: 56 0.00058154 3.20000000
P: 57 0.00036063 2.80000000
P: 58 0.00057140 3.60000000
P: 59 0.00023483 3.20000000
P: 60 0.00059274 2.80000000
P: 61 0.00007375 4.00000000
P: 62 0.00057183 3.20000000
P: 63 0.00010876 3.60000000
F: 3.07812500
P: 0 0.00590267 3.00000000
P: 16 0.00572360 3.20000000
P: 17 0.00003792 2.60000000
P: 20 0.00582861 3.00000000
P: 22 0.00583778 3.60000000
P: 23 0.00003534 3.40000000
P: 32 0.00187151 3.40000000
P: 40 0.00176720 3.60000000
P: 42 0.00170609 3.20000000
