I: 32 10000 100
P: 7 0.00083885 3.14560000
P: 19 0.00084255 3.13440000
P: 13 0.00085176 3.13920000
P: 25 0.00085153 3.14760000
P: 29 0.00085980 3.13840000
P: 1 0.00115438 3.13400000
P: 2 0.00122679 3.16230000
P: 3 0.00115544 3.13810000
P: 4 0.00098545 3.14080000
P: 5 0.00086819 3.14200000
P: 6 0.00092536 3.14960000
F: 3.14332812
P: 0 0.00176335 3.14410000
P: 8 0.00103717 3.14066667
P: 9 0.00087375 3.14946667
P: 10 0.00093151 3.13573333
P: 11 0.00088444 3.15880000
P: 12 0.00105775 3.15453333
P: 14 0.00093778 3.12626667
P: 15 0.00087691 3.13093333
P: 16 0.00193619 3.14480000
P: 17 0.00086017 3.13706667
P: 18 0.00095977 3.13466667
P: 20 0.00191353 3.14133333
P: 21 0.00082998 3.13733333
P: 22 0.00096463 3.15000000
P: 23 0.00094200 3.15706667
P: 24 0.00115647 3.14826667
P: 26 0.00108274 3.16200000
P: 27 0.00084500 3.13720000
P: 28 0.00096369 3.14493333
P: 30 0.00098525 3.13933333
P: 31 0.00085799 3.14000000
