I: 64 10000 100
F: 3.14293125
P: 0 0.02742336 3.12800000
P: 32 0.02719349 3.13940000
P: 48 0.02781665 3.14040000
P: 16 0.02758610 3.13900000
P: 36 0.02786011 3.15560000
P: 1 0.02854145 3.15000000
P: 3 0.02849508 3.14720000
P: 4 0.02775924 3.13100000
P: 20 0.02787903 3.12020000
P: 52 0.02782437 3.14000000
P: 60 0.02804755 3.13160000
P: 2 0.02962325 3.15080000
P: 12 0.02788351 3.15020000
P: 28 0.02794328 3.15420000
P: 44 0.02790931 3.13720000
P: 56 0.02811346 3.14440000
P: 8 0.02795006 3.14640000
P: 24 0.02806829 3.14960000
P: 40 0.02807193 3.13640000
P: 57 0.02838087 3.14160000
P: 5 0.02825759 3.16180000
P: 21 0.02834166 3.14260000
P: 37 0.02817397 3.12880000
P: 59 0.02837780 3.15160000
P: 7 0.02818542 3.12940000
P: 23 0.02815692 3.13280000
P: 39 0.02814608 3.15440000
P: 61 0.02897458 3.12920000
P: 9 0.02820509 3.16500000
P: 33 0.02833600 3.12920000
P: 55 0.02819396 3.13920000
P: 63 0.02903566 3.16040000
P: 11 0.02826355 3.15780000
P: 35 0.02828487 3.14900000
P: 41 0.02828758 3.15000000
P: 58 0.02943786 3.15280000
P: 13 0.02897734 3.15420000
P: 17 0.02821774 3.13600000
P: 43 0.02836594 3.14440000
P: 62 0.03025314 3.15000000
P: 15 0.02491482 3.13800000
P: 25 0.02829806 3.13000000
P: 49 0.02830494 3.13800000
P: 6 0.02934976 3.14320000
P: 27 0.02834281 3.15880000
P: 53 0.02831661 3.12840000
P: 10 0.02943041 3.13540000
P: 19 0.02897282 3.12500000
P: 51 0.02896932 3.13800000
P: 14 0.03008771 3.13340000
P: 29 0.02900301 3.13520000
P: 45 0.02903168 3.12800000
P: 31 0.02890256 3.15340000
P: 47 0.02900250 3.15680000
P: 22 0.02929617 3.14260000
P: 38 0.02929558 3.12440000
P: 34 0.02931271 3.13120000
P: 42 0.02948809 3.14560000
P: 18 0.02946065 3.14640000
P: 50 0.02939508 3.18280000
P: 26 0.02949932 3.14100000
P: 54 0.02954658 3.17000000
P: 30 0.03002989 3.15180000
P: 46 0.03013219 3.11840000
