I: 64 10 100
F: 3.10312500
P: 0 0.01442606 3.60000000
P: 32 0.01403953 3.60000000
P: 4 0.01473956 3.40000000
P: 48 0.01466000 2.80000000
P: 56 0.01483579 2.40000000
P: 16 0.00156049 2.20000000
P: 8 0.01481159 3.20000000
P: 36 0.01479331 2.40000000
P: 60 0.01495943 2.80000000
P: 20 0.01470670 3.20000000
P: 2 0.01585148 3.20000000
P: 3 0.01587602 3.00000000
P: 12 0.01515015 2.60000000
P: 40 0.01466232 3.20000000
P: 57 0.01540847 3.20000000
P: 24 0.01482373 3.20000000
P: 1 0.01648031 3.40000000
P: 5 0.01524366 3.60000000
P: 52 0.01480843 3.60000000
P: 58 0.01559427 2.40000000
P: 28 0.01488463 3.00000000
P: 9 0.01528720 3.20000000
P: 44 0.01503463 2.80000000
P: 59 0.01566424 2.40000000
P: 21 0.01542146 2.80000000
P: 6 0.01550422 3.20000000
P: 37 0.01523850 3.20000000
P: 61 0.01581556 3.20000000
P: 25 0.00324085 2.80000000
P: 10 0.01553156 3.60000000
P: 41 0.01532870 2.80000000
P: 63 0.01606293 2.80000000
P: 18 0.01544305 2.80000000
P: 11 0.01551631 3.20000000
P: 53 0.01544269 2.80000000
P: 62 0.01627346 3.60000000
P: 19 0.01551317 3.00000000
P: 7 0.01563179 2.80000000
P: 38 0.01550362 3.20000000
P: 22 0.01545045 2.80000000
P: 13 0.01576907 3.40000000
P: 43 0.01556335 4.00000000
P: 34 0.01549878 3.20000000
P: 15 0.01606489 3.20000000
P: 54 0.01564684 3.60000000
P: 35 0.01562174 2.60000000
P: 14 0.01624577 3.20000000
P: 42 0.01551744 2.00000000
P: 23 0.01554537 3.40000000
P: 50 0.01555522 4.00000000
P: 26 0.01563232 3.20000000
P: 51 0.01551131 3.60000000
P: 27 0.01554457 3.20000000
P: 39 0.01560402 2.80000000
P: 29 0.01580303 3.20000000
P: 55 0.01563422 3.20000000
P: 31 0.01614016 2.80000000
P: 45 0.01575312 2.80000000
P: 30 0.01620415 3.60000000
P: 47 0.01612256 2.80000000
P: 17 0.01622266 2.80000000
P: 46 0.01621102 4.00000000
P: 33 0.01615817 3.00000000
P: 49 0.01626826 4.00000000
