I: 32 10000000 100
F: 3.14160089
P: 0 1.74318814 3.14166080
P: 8 1.74315754 3.14166200
P: 16 1.74304449 3.14078493
P: 4 1.74313378 3.14152880
P: 20 1.74319310 3.14135267
P: 12 1.74401286 3.14104427
P: 24 1.74309198 3.14132427
P: 1 1.74497243 3.14122530
P: 2 1.74079277 3.14224350
P: 3 1.74496668 3.14183240
P: 6 1.74459147 3.14168747
P: 28 1.74391282 3.14141547
P: 10 1.74453204 3.14144680
P: 18 1.74454023 3.14162533
P: 14 1.74461022 3.14206347
P: 22 1.74453706 3.14198453
P: 5 1.74471982 3.14199147
P: 26 1.74453363 3.14165347
P: 7 1.74477980 3.14214933
P: 30 1.74451518 3.14135387
P: 9 1.74480325 3.14156627
P: 17 1.74478150 3.14184173
P: 11 1.74481285 3.14158560
P: 19 1.74472388 3.14146760
P: 13 1.74487600 3.14151787
P: 21 1.74467591 3.14234867
P: 15 1.74476860 3.14112307
P: 23 1.74467522 3.14142653
P: 25 1.74470785 3.14143840
P: 27 1.74480781 3.14165667
P: 29 1.74479180 3.14188120
P: 31 1.74482519 3.14134467
