I: 32 10000 100
F: 3.14197500
P: 0 0.00714096 3.13430000
P: 16 0.00680425 3.14920000
P: 4 0.00726237 3.14080000
P: 20 0.00729556 3.12360000
P: 12 0.00731212 3.13133333
P: 28 0.00737855 3.12520000
P: 2 0.00823577 3.14010000
P: 3 0.00846229 3.13940000
P: 8 0.00783035 3.14133333
P: 24 0.00787140 3.13853333
P: 1 0.00864123 3.13860000
P: 7 0.00811290 3.14400000
P: 19 0.00812331 3.15680000
P: 11 0.00813120 3.15400000
P: 23 0.00813685 3.14546667
P: 6 0.00825012 3.15546667
P: 27 0.00815163 3.14840000
P: 10 0.00816649 3.14640000
P: 18 0.00347981 3.15960000
P: 5 0.00839989 3.15986667
P: 22 0.00805950 3.14706667
P: 9 0.00830538 3.13640000
P: 26 0.00820678 3.12866667
P: 15 0.00861119 3.13200000
P: 17 0.00824839 3.14906667
P: 14 0.00861173 3.14933333
P: 21 0.00833418 3.12626667
P: 13 0.00882490 3.14026667
P: 25 0.00833065 3.14946667
P: 31 0.00856919 3.13466667
P: 30 0.00859411 3.14146667
P: 29 0.00871890 3.13613333
