I: 32 10 100
F: 3.12708333
P: 0 0.01290269 3.50000000
P: 16 0.01262721 3.46666667
P: 4 0.01320215 2.93333333
P: 20 0.01314213 3.46666667
P: 8 0.01317393 3.20000000
P: 24 0.01307648 3.33333333
P: 1 0.01411390 3.40000000
P: 2 0.01411869 3.00000000
P: 12 0.01311150 2.80000000
P: 28 0.01310085 2.80000000
P: 3 0.01435463 3.10000000
P: 5 0.01381074 2.93333333
P: 17 0.01388175 3.06666667
P: 6 0.01381963 3.06666667
P: 18 0.01373173 3.33333333
P: 9 0.01391560 3.20000000
P: 21 0.01385008 3.46666667
P: 10 0.01390856 3.33333333
P: 22 0.01388278 3.20000000
P: 7 0.01407526 2.80000000
P: 25 0.01393019 2.66666667
P: 11 0.01408901 3.60000000
P: 26 0.01372562 2.80000000
P: 13 0.01435557 3.46666667
P: 19 0.01420004 3.06666667
P: 14 0.01423768 2.66666667
P: 23 0.01408831 3.06666667
P: 15 0.01464178 2.80000000
P: 27 0.01419629 3.46666667
P: 29 0.01435502 3.06666667
P: 30 0.01423649 2.93333333
P: 31 0.01456727 3.06666667
