I: 64 10000000 100
F: 3.14163671
P: 1 1.31986653 3.14159540
P: 0 1.31944099 3.14126940
P: 48 1.31903434 3.14229600
P: 16 1.31894990 3.14111960
P: 3 1.31988261 3.14208300
P: 32 1.31894151 3.14138520
P: 2 1.32013381 3.14222760
P: 4 1.31940032 3.14134200
P: 60 1.31955277 3.14206440
P: 36 1.31935354 3.14092960
P: 20 1.30662474 3.14188940
P: 12 1.31954582 3.14142020
P: 57 1.31968331 3.14166360
P: 52 1.31931620 3.14043280
P: 28 1.31943095 3.14117640
P: 5 1.31953982 3.14192920
P: 61 1.31968169 3.14187520
P: 44 1.31944769 3.14214160
P: 17 1.31953227 3.14104320
P: 6 1.31958262 3.14158540
P: 63 1.31976577 3.14156600
P: 37 1.31951842 3.14259240
P: 21 1.31955985 3.14130960
P: 9 1.31964760 3.14122060
P: 59 1.31971620 3.14190080
P: 38 1.31950140 3.14160120
P: 30 1.31946651 3.14201980
P: 13 1.31953764 3.14156740
P: 58 1.31981541 3.14089720
P: 41 1.31955219 3.14172520
P: 33 1.31950756 3.14198040
P: 14 1.31951843 3.14185920
P: 62 1.31972603 3.14139920
P: 45 1.31954950 3.14179000
P: 19 1.31961471 3.14133660
P: 7 1.31966011 3.14140400
P: 56 1.32001785 3.14138560
P: 46 1.31952095 3.14222560
P: 22 1.31957503 3.14133240
P: 15 1.31958061 3.14131880
P: 49 1.31963658 3.14180200
P: 23 1.31962993 3.14137020
P: 11 1.31976292 3.14156360
P: 53 1.31943774 3.14178560
P: 25 1.31960041 3.14234240
P: 10 1.31981514 3.14252400
P: 54 1.31948967 3.14149600
P: 29 1.31965157 3.14138260
P: 8 1.31994479 3.14223100
P: 39 1.31956147 3.14142960
P: 31 1.31971965 3.14175080
P: 43 1.31966561 3.14198800
P: 35 1.31967590 3.14178740
P: 47 1.31954999 3.14072760
P: 26 1.31970721 3.14150940
P: 51 1.31958053 3.14233760
P: 27 1.31967844 3.14186040
P: 55 1.31971341 3.14115760
P: 34 1.31978891 3.14085900
P: 42 1.31961253 3.14116920
P: 18 1.31980706 3.14189840
P: 50 1.31976832 3.14241760
P: 24 1.31980072 3.14170220
P: 40 1.31983440 3.14175600
